# Position (bp)	A	C	G	T	N
0.0	25.421892679168973	25.178747682900404	22.52581910975228	26.873540528178335	0.0
1.0	27.188906810467273	23.698211319482894	22.939887816269046	26.172994053780783	0.0
2.0	26.245671412081567	23.040111581377452	23.937091188918817	26.77712581762216	0.0
3.0	26.551840107619874	22.703468819064092	22.88844047275872	27.85625060055732	0.0
4.0	26.791247327840896	22.29241226911344	23.164316767948502	27.752023635097157	0.0
5.0	25.2695531061643	26.439017361861538	20.891866580217563	27.399562951756597	0.0
6.0	26.307197388005953	21.642579344120612	24.403418639266334	27.646804628607097	0.0
7.0	26.353946610332248	23.502016516228156	25.674572690608795	24.469464182830805	0.0
8.0	25.656536559604397	22.46867348408469	21.750924192231984	30.12386576407893	0.0
9.0	30.908261725313235	22.636935336757716	22.55772646536412	23.897076472564926	0.0
10.0	27.91138632872504	19.182027649769584	24.779185867895546	28.127400153609834	0.0
11.0	28.146601382488477	22.647849462365592	21.85099846390169	27.35455069124424	0.0
12.0	27.094683787351492	25.3258130325213	20.225609024360974	27.353894155766227	0.0
13.0	24.636394182306915	24.319589113425817	22.89156626506024	28.152450439207026	0.0
14.0	28.205251284020544	20.292324677194834	20.731531704507272	30.77089233427735	0.0
15.0	27.704713449169628	24.00403187098013	22.283286934818086	26.007967745032158	0.0
16.0	28.895075357588556	19.590573101660745	24.13842757031775	27.375923970432947	0.0
17.0	26.115964289142745	21.683306134203704	23.63204377459921	28.568685802054333	0.0
18.0	26.454353460689255	22.63127579917443	24.188825957569357	26.725544782566956	0.0
19.0	23.529552926495644	21.4897650644333	25.869309591802452	29.111372417268605	0.0
20.0	27.543186180422264	20.359884836852206	24.40978886756238	27.68714011516315	0.0
21.0	24.851247600767753	26.693857965451055	20.023992322456813	28.430902111324375	0.0
22.0	28.95153550863724	24.227447216890596	18.66122840690979	28.15978886756238	0.0
23.0	29.63531669865643	22.166506717850286	21.341170825335894	26.85700575815739	0.0
24.0	26.719608454691585	22.86413473765025	18.771142726901946	31.64511408075622	0.0
25.0	24.8998392630089	24.168126094570926	22.013770601924048	28.918264040496126	0.0
26.0	28.057001655351105	22.702300698126336	22.232085022671114	27.00861262385145	0.0
27.0	27.06139193436173	26.40165055298323	21.601132356116402	24.935825156538638	0.0
28.0	30.60720197682508	21.57714176042991	19.516349590960345	28.299306671784663	0.0
29.0	24.19153632089051	27.250263890221664	21.636599174743306	26.921600614144513	0.0
30.0	32.00412677847358	21.612802610427316	20.312387533290146	26.07068307780897	0.0
31.0	24.50571072079854	25.791822631730493	21.49678472022267	28.205681927248293	0.0
32.0	34.345979411129505	19.038706116670266	21.078396083795266	25.53691838840496	0.0
33.0	23.041662666794664	27.342325045598542	22.062494000191993	27.553518287414803	0.0
34.0	35.69268433179724	20.03168202764977	19.11722350230415	25.15841013824885	0.0
35.0	25.580892942870857	24.788766202592416	22.930868939030244	26.69947191550648	0.0
36.0	27.14179409011258	29.018939484865214	20.547780791665666	23.291485633356537	0.0
37.0	27.1625093030514	19.470386286702038	18.90860202146304	34.458502388783515	0.0
38.0	29.146259483338135	18.49611063094209	24.10448477864208	28.253145107077692	0.0
39.0	26.74734087252995	21.38346658983409	22.125381161612523	29.743811376023434	0.0
40.0	28.668507623964462	20.062432464881738	24.44471124984992	26.824348661303876	0.0
41.0	27.67464758291107	24.725630988689034	22.357772387790877	25.241949040609015	0.0
42.0	30.71787112424046	22.99156999783846	21.19268919470663	25.097869683214448	0.0
43.0	27.519035380587514	22.73917325198761	22.964955684192827	26.776835683232054	0.0
44.0	24.22830238535636	23.164140382906147	25.931442023589323	26.676115208148165	0.0
45.0	26.237266961368444	25.571785508360563	23.998174130309437	24.192773399961563	0.0
46.0	26.33096290601576	22.290024985585237	22.114645396886413	29.26436671151259	0.0
47.0	23.250672818146867	22.05161476355248	25.754517493271816	28.943194925028838	0.0
48.0	26.26102419916853	21.75762381947949	25.136375651839572	26.84497632951241	0.0
49.0	24.72720280728741	21.843003412969285	24.945921261356535	28.48387251838677	0.0
50.0	28.27921063384852	20.9263755017667	22.515203230536258	28.27921063384852	0.0
51.0	28.08135202057841	26.487487078395077	23.121859749501166	22.30930115152535	0.0
52.0	29.966338062034144	22.890117816782883	21.558066842991103	25.58547727819187	0.0
53.0	29.69892266256252	20.72672181608311	25.57714505579069	23.99721046556368	0.0
54.0	26.058302867038673	25.380026938618432	24.237540888974408	24.324129305368484	0.0
55.0	28.88242086019436	27.15529683440778	21.17290483979602	22.78937746560185	0.0
56.0	27.810522770466957	23.186662496692087	23.85546226573965	25.147352467101307	0.0
57.0	28.251034748291463	20.88266435653095	26.008277986331695	24.858022908845896	0.0
58.0	27.66520671896809	21.925687057804303	24.259999037397122	26.149107185830484	0.0
59.0	27.17514260271005	22.173818864473272	24.195528171556475	26.4555103612602	0.0
60.0	25.908806394145117	23.20525783619818	22.68284462419953	28.203091145457172	0.0
61.0	26.090935362681822	23.350351603891724	22.924092091320684	27.63462094210577	0.0
62.0	25.607553168428915	22.230785905248197	24.47313278258147	27.68852814374142	0.0
63.0	27.82501866885072	22.65073591405102	23.36135668344856	26.162888733649698	0.0
64.0	29.88026693006336	24.613939145727432	20.111301163603073	25.394492760606134	0.0
65.0	29.43472603729941	23.63741506433425	20.998988000578287	25.92887089778806	0.0
66.0	27.36233281118207	23.667911796602002	20.387998554042657	28.581756838173273	0.0
67.0	28.250126557867077	24.92828387532242	21.276185425354967	25.545404141455535	0.0
68.0	29.036147483662493	21.592032602667054	24.126455906821963	25.24536400684849	0.0
69.0	28.154402895054282	21.683956574185768	24.337756332931242	25.82388419782871	0.0
70.0	28.878540751821646	25.24972253052164	22.08415769917483	23.787579018481882	0.0
71.0	28.432153285552257	20.297304471633	24.879944014093002	26.390598228721736	0.0
72.0	25.415831784274438	23.281751683847137	22.936532844072133	28.365883687806292	0.0
73.0	27.32737807822308	22.619507484307096	20.21487204249155	29.83824239497827	0.0
74.0	26.9865031267354	23.403433372769637	23.012289639520002	26.59777386097496	0.0
75.0	24.989134109238424	22.62761385038876	22.238856425363405	30.14439561500942	0.0
76.0	25.097205786461224	26.85294756925158	21.49395029825875	26.55589634602845	0.0
77.0	26.539093457040686	23.929641441963852	23.46090654295931	26.070358558036144	0.0
78.0	29.190025130485214	23.417262710226176	18.44674270249372	28.945969456794895	0.0
79.0	27.232520482393603	23.897334267829955	22.162070715614952	26.70807453416149	0.0
80.0	25.350444702242847	24.39820185614849	20.7680781129157	29.483275328692958	0.0
81.0	28.588004931467108	23.806415742016583	21.964367732733823	25.641211593782483	0.0
82.0	24.836206271305272	27.452070691197445	22.57814955394918	25.133573483548098	0.0
83.0	29.124851884990203	21.37208908664426	21.850893526467246	27.652165501898292	0.0
84.0	26.30305962026847	18.80033861410086	27.756681581811588	27.139920183819083	0.0
85.0	27.343976777939044	21.562651185292694	25.878084179970973	25.215287856797293	0.0
86.0	25.44645017664424	22.20877897691526	23.493684363354788	28.85108648308571	0.0
87.0	27.12660372791092	20.09440813362382	26.99346405228758	25.78552408617768	0.0
88.0	27.937400067832748	25.059353650855176	23.71481176413586	23.28843451717622	0.0
89.0	28.343995347484736	19.04381118542212	22.169719879810025	30.442473587283125	0.0
90.0	27.010978890477688	22.587915949686142	24.46377935580815	25.937325804028017	0.0
91.0	28.598094591646262	22.401881166517175	21.662505151390267	27.337519090446293	0.0
92.0	26.225056373202726	23.725238222243775	20.805954949930896	29.243750454622603	0.0
93.0	27.978369989572975	22.81335628894978	23.877882586871653	25.33039113460559	0.0
94.0	30.142136412147085	21.8759095760163	23.462210148442804	24.51974386339381	0.0
95.0	26.040024257125534	25.234687689508796	23.517283201940568	25.20800485142511	0.0
96.0	25.798311171503446	22.966611666504903	20.198000582354652	31.037076579636995	0.0
97.0	25.015780529254673	23.70478271425103	22.153435299830058	29.12600145666424	0.0
98.0	28.716429508037493	22.186877762129082	22.74780243795833	26.348890291875094	0.0
99.0	31.220246769649272	23.634994656562714	20.807830564461284	24.336928009326726	0.0
100.0	27.343863912515186	21.18104495747266	22.979343863912515	28.495747266099634	0.0
101.0	25.646824238887266	22.424861394805955	24.771423013325553	27.156891352981226	0.0
102.0	27.412723512954628	28.098771438997687	20.189757936990635	24.298747111057047	0.0
103.0	26.08833191385813	26.545808492517338	20.975787808735856	26.390071784888676	0.0
104.0	28.181663299827196	22.883150388200647	22.393944556672427	26.541241755299726	0.0
105.0	26.36434448176817	25.188647096051795	21.481427389124192	26.96558103305584	0.0
106.0	27.361040099335334	21.86107661967716	23.63596523263458	27.14191804835293	0.0
107.0	31.224111885385703	24.423761025291167	19.840651040397642	24.51147604892549	0.0
108.0	27.145781547009797	21.577228639664668	24.640541989569627	26.63644782375591	0.0
109.0	29.00921546638061	24.901262860207712	21.566141693890486	24.523379979521188	0.0
110.0	30.196317522253384	21.102304597000366	21.826606511401046	26.8747713693452	0.0
111.0	27.792682926829272	24.24390243902439	23.602439024390243	24.360975609756096	0.0
112.0	24.627885413108196	25.02806109999512	23.72260992630911	26.621443560587576	0.0
113.0	24.739424414772866	24.087680328068934	23.50184294676203	27.67105231039617	0.0
114.0	27.020097189323828	23.029962638275013	21.99702082977217	27.952919342628995	0.0
115.0	23.80149538190881	23.640228705468406	24.375702487416312	28.18257342520647	0.0
116.0	27.21073471183458	22.024245979371365	24.033338221635624	26.73168108715843	0.0
117.0	26.67824215597564	24.71203932405664	23.90746129955247	24.702257220415248	0.0
118.0	26.76600846607453	22.048496415375958	23.64873131224155	27.536763806307963	0.0
119.0	27.57235907732994	25.535040893285665	21.592634311180763	25.29996571820363	0.0
120.0	28.011170173676604	25.51257869338363	24.07466379246993	22.401587340469835	0.0
121.0	26.569314450923702	25.150683588964572	23.10971725388347	25.17028470622826	0.0
122.0	29.91763090802118	22.989801921945478	19.736713080996275	27.355854089037067	0.0
123.0	25.37642846632988	22.580803374368532	24.640737652655844	27.40203050664574	0.0
124.0	27.13847663436772	22.470256347356802	26.024776156016188	24.36649086225929	0.0
125.0	31.1159640771458	21.597879962703047	22.321735289787505	24.964420670363648	0.0
126.0	29.70770854296022	23.731808476697672	21.71939038456819	24.841092595773922	0.0
127.0	27.50687487723433	23.374582596739344	25.272539776075426	23.84600274995089	0.0
128.0	28.698450126495224	23.72952128312824	21.238916316655615	26.33311227372093	0.0
129.0	27.24391262684587	23.13570357994054	25.68859185729379	23.9317919359198	0.0
130.0	32.00206449075895	18.659064097522613	25.02211954384585	24.31675186787259	0.0
131.0	28.36807945717376	26.568492477136395	18.765365325990757	26.298062739699084	0.0
132.0	29.772531661133655	22.02139431943932	22.550104512480022	25.655969506947006	0.0
133.0	26.4280442804428	20.56088560885609	23.04059040590406	29.97047970479705	0.0
134.0	24.907721836704564	23.15074560755943	26.795117869973918	25.146414685762092	0.0
135.0	25.02338403977748	20.637030473096047	25.801211047112687	28.538374440013786	0.0
136.0	25.136046883849204	23.10950235157962	23.65615227401443	28.098298490556743	0.0
137.0	28.657650333801392	23.632153326928286	20.806543000024636	26.903653339245682	0.0
138.0	29.20589540099571	24.974121358505446	21.476807807955833	24.343175432543006	0.0
139.0	30.96910977984863	20.18341838621404	21.73162734511747	27.115844488819864	0.0
140.0	28.95398727622429	22.3479804704838	25.738521477536125	22.95951077575578	0.0
141.0	26.27411317775914	25.368789777492722	23.36326409788347	24.993832946864668	0.0
142.0	26.48678006270521	25.61532574616733	22.988619250993654	24.909274940133805	0.0
143.0	29.959984191285443	24.254026281987944	21.47762078845964	24.30836873826697	0.0
144.0	29.91598715097603	23.876945885841362	22.273288855942674	23.93377810723993	0.0
145.0	26.54171405964097	24.94436476929924	22.595321695267295	25.91859947579249	0.0
146.0	26.705754292217108	24.721686210479444	20.473999307307903	28.098560189995545	0.0
147.0	28.057233389444498	23.462719081097138	21.771957619566294	26.70808990989207	0.0
148.0	29.684752730244423	23.72898145167282	22.701270399445285	23.884995418637477	0.0
149.0	29.067922657411998	23.943976202280616	20.614774417451663	26.37332672285573	0.0
150.0	30.34775275324933	25.049608096041275	20.1830538743923	24.419585276317097	0.0
151.0	28.80047653322082	25.23392320865702	20.11863691643295	25.84696334168921	0.0
152.0	27.954398688589738	25.023595449803786	21.499180368585762	25.52282549302071	0.0
153.0	29.623738754411256	19.32998657984989	25.0211243103534	26.025150355385456	0.0
154.0	27.329254340148236	19.805501666417946	29.371238123663133	23.49400586977068	0.0
155.0	30.65206570433051	22.96665007466401	22.279741164758587	24.10154305624689	0.0
156.0	31.187909269725868	21.619400941164756	23.982272240619476	23.210417548489904	0.0
157.0	30.928477118158494	18.163473755013577	24.732816820707008	26.175232306120922	0.0
158.0	25.458624127617146	22.335493519441673	26.024426719840477	26.181455633100697	0.0
159.0	30.05513559364319	17.630915849612055	24.574008931467205	27.73993962527755	0.0
160.0	27.333583114774573	21.67353565630074	25.714999375546398	25.277881853378293	0.0
161.0	31.00069979006298	21.78846346096171	21.713485954213734	25.49735079476157	0.0
162.0	34.093183865478935	21.58692823541187	20.628565709138226	23.691322189970972	0.0
163.0	26.964321507316097	24.591601523351372	22.857787131689715	25.586289837642813	0.0
164.0	29.69400551793328	23.734637572109353	21.565086531226484	25.00627037873088	0.0
165.0	28.98285082983905	21.515554774399277	23.509177191352602	25.99241720440907	0.0
166.0	29.87182709223423	24.28248303593868	21.696406132194017	24.149283739633074	0.0
167.0	31.846540880503145	23.345911949685537	22.91069182389937	21.896855345911952	0.0
168.0	28.885084097089337	22.051566119448083	24.25219055292577	24.811159230536813	0.0
169.0	28.913810483870968	19.84122983870968	26.519657258064516	24.72530241935484	0.0
170.0	27.44835935332543	23.433125677822897	25.135564579182322	23.982950389669348	0.0
171.0	29.515774583849048	23.370128065876887	20.083861678749148	27.030235671524917	0.0
172.0	26.485461441213655	23.726927939317317	22.437420986093553	27.35018963337548	0.0
173.0	30.07872819785839	25.876515707667775	21.633799964559653	22.410956129914183	0.0
174.0	26.542506017990625	24.064360826048397	22.118332699860634	27.27480045610034	0.0
175.0	28.357148295728535	23.050176391462145	19.710159640618258	28.88251567219106	0.0
176.0	30.4645017024953	21.441276617370534	22.536463891853433	25.557757788280732	0.0
177.0	30.775688808609154	19.38077187269443	21.94011244816445	27.903426870531966	0.0
178.0	28.226422784939114	18.148468945839916	25.841952412492997	27.783155856727976	0.0
179.0	29.5924876878716	19.604991196509225	23.108525351501697	27.693995764117478	0.0
180.0	30.27445568843913	20.351630379229274	20.20852499233364	29.165388939997953	0.0
181.0	27.813620071684586	21.149513568868407	25.478750640040964	25.558115719406043	0.0
182.0	30.372801394800263	21.883493154197218	22.927029383108557	24.816676067893955	0.0
183.0	31.7881815146768	19.391869334086646	22.252754308020236	26.567194843216313	0.0
184.0	31.68304099583355	23.35270819402294	20.40532894398436	24.558921866159146	0.0
185.0	31.08122036693465	20.222634508348794	21.000824572253144	27.69532055246341	0.0
186.0	26.6906028826781	20.28465154724389	24.495014723355894	28.529730846722117	0.0
187.0	26.362084131008434	21.247477621979613	23.19552957003156	29.19490867698039	0.0
188.0	27.288034608709168	21.34031033857472	24.81154314431521	26.560111908400902	0.0
189.0	32.28293316028552	21.45360155743024	22.502271252433484	23.761194029850746	0.0
190.0	29.037291309096585	18.713267800488893	21.207156602694127	31.042284287720395	0.0
191.0	28.880490029975235	19.786263521438812	24.365958555975496	26.967287892610454	0.0
192.0	30.824101170568564	19.215091973244146	21.760033444816056	28.200773411371237	0.0
193.0	27.250824909652753	22.076153564133453	24.922746556329546	25.750274969884252	0.0
194.0	31.899698043849284	19.910726007614546	21.050282263358277	27.13929368517789	0.0
195.0	27.77397440623519	20.037916688609194	20.835747011427667	31.35236189372795	0.0
196.0	25.149131605342344	21.715145436308926	23.06656812542892	30.069154832919814	0.0
197.0	28.127648305084747	22.86811440677966	19.51271186440678	29.491525423728817	0.0
198.0	26.40828245288028	24.794265994159808	21.3750995487125	27.422352004247415	0.0
199.0	29.313375592606405	21.759974431364192	20.721248601715228	28.205401374314178	0.0
200.0	28.65920444527556	20.936072449443007	22.028691261720944	28.376031843560494	0.0
201.0	29.25430722649447	21.808097317863936	18.844618311406446	30.09297714423515	0.0
202.0	28.691983122362867	18.06283426052837	20.728855921954366	32.5163266951544	0.0
203.0	26.43086296605829	23.047475264874777	22.83988892783005	27.68177284123689	0.0
204.0	31.6119782508724	18.789731382043446	22.56066221224335	27.037628154840803	0.0
205.0	30.41213338036194	23.094663157609137	19.279919689611198	27.213283772417725	0.0
206.0	33.585666049449955	20.8228951094652	19.43688051410522	26.154558326979632	0.0
207.0	32.55794883008966	21.618740432976164	21.323529411764707	24.499781325169472	0.0
208.0	31.881155523853945	18.520753888782203	20.784066280760474	28.814024306603386	0.0
209.0	27.39790157794729	21.402803403739707	21.568033486630135	29.631261531682867	0.0
210.0	28.37938760268857	18.817248914336293	23.580339114319695	29.223024368655437	0.0
211.0	30.89293153728649	21.44146646299125	19.058464102208024	28.607137897514235	0.0
212.0	33.984375	19.21875	19.69029017857143	27.10658482142857	0.0
213.0	30.498122933826416	20.255505126912084	23.082310752507425	26.16406118675408	0.0
214.0	30.334898630599216	20.273880156342265	21.297415853555663	28.093805359502856	0.0
215.0	28.5169706895578	20.50319082848591	23.24222059072683	27.737617891229455	0.0
216.0	27.299290780141845	21.350354609929077	21.795744680851065	29.554609929078012	0.0
217.0	30.16718407336732	22.17253852069152	19.019680442026715	28.640596963914444	0.0
218.0	28.454493417286773	26.682884945621065	20.32054951345163	24.542072123640526	0.0
219.0	27.806394060602575	22.04828638024805	20.62962216914621	29.515697390003165	0.0
220.0	28.51440472058313	22.850861969223647	18.11003123915307	30.52470207104015	0.0
221.0	30.528580566377855	22.140489620282608	20.20992033494214	27.121009478397397	0.0
222.0	31.597871842843777	21.872076707202996	18.755846585594014	27.774204864359213	0.0
223.0	28.894634776987715	21.648939295998122	20.867367926191456	28.58905800082271	0.0
224.0	29.769819460449725	20.010046390686405	22.958957539225246	27.261176609638625	0.0
225.0	27.136813309157997	27.264051913350514	19.642459522219042	25.956675255272447	0.0
226.0	28.793229826081163	20.093956153794895	22.839341640567735	28.273472379556207	0.0
227.0	27.316969201804554	24.453838229547795	19.434478348904126	28.79471421974353	0.0
228.0	26.698467765250072	21.36455623012431	19.572130673605088	32.364845331020526	0.0
229.0	28.582844965370274	21.847172539767108	24.469137681710937	25.100844813151685	0.0
230.0	28.17584480600751	21.4877972465582	23.216520650813514	27.119837296620773	0.0
231.0	28.348187034550115	18.894721849184066	21.75965490579091	30.99743621047491	0.0
232.0	24.210704035117338	21.821711970285328	22.29022454837076	31.67735944622657	0.0
233.0	26.92425368241619	20.770138555006774	18.575986712705976	33.729621049871064	0.0
234.0	28.131625441696112	21.068904593639576	21.219081272084807	29.580388692579508	0.0
235.0	30.25972241308231	19.3119875406532	20.61747056937383	29.81081947689066	0.0
236.0	29.60839160839161	21.752913752913752	20.102564102564102	28.53613053613054	0.0
237.0	33.60985901985231	20.82574086506186	17.87187110386497	27.692529011220866	0.0
238.0	28.227270497031547	22.957656640989157	21.392473382071536	27.422599479907756	0.0
239.0	26.618629908103593	23.97138680033417	22.290100250626566	27.119883040935672	0.0
240.0	22.987649063032368	21.49701873935264	23.00362010221465	32.51171209540034	0.0
241.0	26.940942269409422	22.931873479318735	20.631497456314975	29.495686794956868	0.0
242.0	24.229675952245593	20.59693007390563	21.188175099488348	33.985218874360434	0.0
243.0	25.264605632960592	19.506069485140227	25.80278658135502	29.42653830054416	0.0
244.0	27.313659872223912	19.251597201095226	24.581685427441435	28.853057499239426	0.0
245.0	25.0814332247557	26.56319856933001	20.987417768410296	27.36795043750399	0.0
246.0	29.180776243813494	21.40531388382391	19.087001823391507	30.326908048971084	0.0
247.0	29.559880030689822	24.447234428402037	21.664225430703773	24.328660110204368	0.0
248.0	27.723120168657765	22.297962052002813	23.858046380885455	26.12087139845397	0.0
249.0	29.986492570914002	22.730001500825452	22.212216719195556	25.071289209064986	0.0
250.0	23.563928350833848	24.436380481778876	26.03458925262508	25.9651019147622	0.0
